@relation   wdbc
@attribute Radius1 real[6.981,28.11]
@attribute Texture1 real[9.71,39.28]
@attribute Perimeter1 real[43.79,188.5]
@attribute Area1 real[143.5,2501.0]
@attribute Smoothness1 real[0.053,0.163]
@attribute Compactness1 real[0.019,0.345]
@attribute Concavity1 real[0.0,0.427]
@attribute Concave_points1 real[0.0,0.201]
@attribute Symmetry1 real[0.106,0.304]
@attribute Fractal_dimension1 real[0.05,0.097]
@attribute Radius2 real[0.112,2.873]
@attribute Texture2 real[0.36,4.885]
@attribute Perimeter2 real[0.757,21.98]
@attribute Area2 real[6.802,542.2]
@attribute Smoothness2 real[0.002,0.031]
@attribute Compactness2 real[0.002,0.135]
@attribute Concavity2 real[0.0,0.396]
@attribute Concave_points2 real[0.0,0.053]
@attribute Symmetry2 real[0.008,0.079]
@attribute Fractal_dimension2 real[0.001,0.03]
@attribute Radius3 real[7.93,36.04]
@attribute Texture3 real[12.02,49.54]
@attribute Perimeter3 real[50.41,251.2]
@attribute Area3 real[185.2,4254.0]
@attribute Smoothness3 real[0.071,0.223]
@attribute Compactness3 real[0.027,1.058]
@attribute Concavity3 real[0.0,1.252]
@attribute Concave_points3 real[0.0,0.291]
@attribute Symmetry3 real[0.156,0.664]
@attribute Fractal_dimension3 real[0.055,0.208]
@attribute Class{M,B}
@inputs Radius1,Texture1,Perimeter1,Area1,Smoothness1,Compactness1,Concavity1,Concave_points1,Symmetry1,Fractal_dimension1,Radius2,Texture2,Perimeter2,Area2,Smoothness2,Compactness2,Concavity2,Concave_points2,Symmetry2,Fractal_dimension2,Radius3,Texture3,Perimeter3,Area3,Smoothness3,Compactness3,Concavity3,Concave_points3,Symmetry3,Fractal_dimension3
@outputs Class
@data
17.57, 15.05, 115.0, 955.1, 0.098, 0.116, 0.099, 0.08, 0.174, 0.061, 0.6, 0.822, 4.655, 61.1, 0.006, 0.03, 0.034, 0.014, 0.019, 0.004, 20.01, 19.52, 134.9, 1227.0, 0.126, 0.281, 0.249, 0.146, 0.276, 0.079, M
15.49, 19.97, 102.4, 744.7, 0.116, 0.156, 0.189, 0.091, 0.193, 0.067, 0.647, 1.331, 4.675, 66.91, 0.007, 0.029, 0.05, 0.016, 0.019, 0.004, 21.2, 29.41, 142.1, 1359.0, 0.168, 0.391, 0.555, 0.212, 0.319, 0.102, M
19.02, 24.59, 122.0, 1076.0, 0.09, 0.121, 0.147, 0.083, 0.195, 0.056, 0.55, 0.664, 3.055, 57.65, 0.004, 0.018, 0.037, 0.012, 0.02, 0.003, 24.56, 30.41, 152.9, 1623.0, 0.125, 0.321, 0.576, 0.196, 0.396, 0.093, M
21.61, 22.28, 144.4, 1407.0, 0.117, 0.209, 0.281, 0.156, 0.216, 0.066, 0.624, 0.921, 4.158, 80.99, 0.005, 0.037, 0.047, 0.013, 0.02, 0.004, 26.23, 28.74, 172.0, 2081.0, 0.15, 0.572, 0.705, 0.242, 0.383, 0.101, M
16.26, 21.88, 107.5, 826.8, 0.116, 0.128, 0.18, 0.08, 0.187, 0.065, 0.571, 1.457, 2.961, 57.72, 0.011, 0.038, 0.058, 0.012, 0.04, 0.006, 17.73, 25.21, 113.7, 975.2, 0.143, 0.212, 0.334, 0.105, 0.274, 0.08, M
18.01, 20.56, 118.4, 1007.0, 0.1, 0.129, 0.117, 0.078, 0.212, 0.061, 0.755, 1.288, 5.353, 89.74, 0.008, 0.027, 0.037, 0.016, 0.029, 0.004, 21.53, 26.06, 143.4, 1426.0, 0.131, 0.233, 0.254, 0.149, 0.325, 0.076, M
11.84, 18.7, 77.93, 440.6, 0.111, 0.152, 0.122, 0.052, 0.23, 0.078, 0.482, 1.03, 3.475, 41.0, 0.006, 0.034, 0.042, 0.01, 0.023, 0.006, 16.82, 28.12, 119.4, 888.7, 0.164, 0.578, 0.696, 0.155, 0.476, 0.14, M
14.71, 21.59, 95.55, 656.9, 0.114, 0.136, 0.129, 0.081, 0.203, 0.068, 0.423, 1.15, 2.735, 40.09, 0.004, 0.029, 0.026, 0.013, 0.018, 0.004, 17.87, 30.7, 115.7, 985.5, 0.137, 0.429, 0.359, 0.183, 0.37, 0.109, M
19.81, 22.15, 130.0, 1260.0, 0.098, 0.103, 0.148, 0.095, 0.158, 0.054, 0.758, 1.017, 5.865, 112.4, 0.006, 0.019, 0.034, 0.015, 0.014, 0.002, 27.32, 30.88, 186.8, 2398.0, 0.151, 0.315, 0.537, 0.239, 0.277, 0.076, M
17.93, 24.48, 115.2, 998.9, 0.089, 0.07, 0.057, 0.047, 0.154, 0.055, 0.421, 1.433, 2.765, 45.81, 0.005, 0.012, 0.016, 0.009, 0.014, 0.003, 20.92, 34.69, 135.1, 1320.0, 0.132, 0.181, 0.208, 0.114, 0.25, 0.079, M
14.86, 23.21, 100.4, 671.4, 0.104, 0.198, 0.17, 0.089, 0.174, 0.067, 0.28, 0.962, 3.591, 25.2, 0.008, 0.051, 0.056, 0.019, 0.025, 0.004, 16.08, 27.78, 118.6, 784.7, 0.132, 0.465, 0.459, 0.173, 0.3, 0.087, M
19.44, 18.82, 128.1, 1167.0, 0.109, 0.145, 0.226, 0.119, 0.182, 0.061, 0.566, 1.408, 3.631, 67.74, 0.005, 0.028, 0.043, 0.012, 0.017, 0.003, 23.96, 30.39, 153.9, 1740.0, 0.151, 0.372, 0.594, 0.206, 0.327, 0.09, M
14.27, 22.55, 93.77, 629.8, 0.104, 0.115, 0.146, 0.061, 0.193, 0.06, 0.203, 1.851, 1.895, 18.54, 0.006, 0.026, 0.046, 0.013, 0.015, 0.004, 15.29, 34.27, 104.3, 728.3, 0.138, 0.273, 0.423, 0.136, 0.27, 0.084, M
20.55, 20.86, 137.8, 1308.0, 0.105, 0.174, 0.208, 0.132, 0.213, 0.063, 0.699, 0.99, 4.706, 87.78, 0.005, 0.026, 0.04, 0.014, 0.019, 0.003, 24.3, 25.48, 160.2, 1809.0, 0.127, 0.314, 0.443, 0.215, 0.308, 0.076, M
17.99, 10.38, 122.8, 1001.0, 0.118, 0.278, 0.3, 0.147, 0.242, 0.079, 1.095, 0.905, 8.589, 153.4, 0.006, 0.049, 0.054, 0.016, 0.03, 0.006, 25.38, 17.33, 184.6, 2019.0, 0.162, 0.666, 0.712, 0.265, 0.46, 0.119, M
19.79, 25.12, 130.4, 1192.0, 0.102, 0.159, 0.254, 0.115, 0.22, 0.061, 0.495, 1.199, 2.765, 63.33, 0.005, 0.032, 0.048, 0.01, 0.016, 0.003, 22.63, 33.58, 148.7, 1589.0, 0.128, 0.386, 0.567, 0.173, 0.33, 0.085, M
15.75, 20.25, 102.6, 761.3, 0.102, 0.12, 0.115, 0.065, 0.194, 0.063, 0.347, 0.921, 2.244, 32.19, 0.005, 0.024, 0.024, 0.009, 0.018, 0.003, 19.56, 30.29, 125.9, 1088.0, 0.155, 0.448, 0.398, 0.148, 0.399, 0.106, M
24.63, 21.6, 165.5, 1841.0, 0.103, 0.211, 0.231, 0.147, 0.199, 0.067, 0.992, 0.9, 7.05, 139.9, 0.005, 0.032, 0.036, 0.016, 0.019, 0.005, 29.92, 26.93, 205.7, 2642.0, 0.134, 0.419, 0.466, 0.248, 0.316, 0.097, M
11.76, 18.14, 75.0, 431.1, 0.1, 0.059, 0.027, 0.035, 0.162, 0.063, 0.645, 2.105, 4.138, 49.11, 0.006, 0.01, 0.013, 0.014, 0.016, 0.003, 13.36, 23.39, 85.1, 553.6, 0.114, 0.08, 0.061, 0.072, 0.198, 0.069, M
14.68, 20.13, 94.74, 684.5, 0.099, 0.072, 0.074, 0.053, 0.159, 0.059, 0.473, 1.24, 3.195, 45.4, 0.006, 0.012, 0.02, 0.011, 0.014, 0.002, 19.07, 30.88, 123.4, 1138.0, 0.146, 0.187, 0.291, 0.161, 0.303, 0.082, M
18.31, 20.58, 120.8, 1052.0, 0.107, 0.125, 0.157, 0.095, 0.186, 0.059, 0.545, 0.922, 3.218, 67.36, 0.006, 0.019, 0.029, 0.01, 0.016, 0.003, 21.86, 26.2, 142.2, 1493.0, 0.149, 0.254, 0.376, 0.151, 0.307, 0.079, M
27.22, 21.87, 182.1, 2250.0, 0.109, 0.191, 0.287, 0.188, 0.18, 0.058, 0.836, 1.481, 5.82, 128.7, 0.005, 0.025, 0.031, 0.012, 0.016, 0.003, 33.12, 32.85, 220.8, 3216.0, 0.147, 0.403, 0.534, 0.269, 0.286, 0.081, M
11.27, 15.5, 73.38, 392.0, 0.084, 0.111, 0.101, 0.028, 0.181, 0.073, 0.33, 1.067, 2.569, 22.97, 0.01, 0.067, 0.095, 0.02, 0.012, 0.012, 12.04, 18.93, 79.73, 450.0, 0.11, 0.281, 0.302, 0.083, 0.216, 0.104, B
10.25, 16.18, 66.52, 324.2, 0.106, 0.111, 0.067, 0.04, 0.174, 0.073, 0.368, 1.471, 1.597, 22.68, 0.01, 0.043, 0.04, 0.015, 0.027, 0.008, 11.28, 20.61, 71.53, 390.4, 0.14, 0.236, 0.19, 0.097, 0.261, 0.097, B
11.71, 15.45, 75.03, 420.3, 0.115, 0.073, 0.04, 0.032, 0.201, 0.065, 0.345, 0.74, 2.355, 24.53, 0.01, 0.011, 0.017, 0.011, 0.02, 0.003, 13.06, 18.16, 84.16, 516.4, 0.146, 0.112, 0.109, 0.079, 0.276, 0.078, B
14.44, 15.18, 93.97, 640.1, 0.1, 0.102, 0.085, 0.055, 0.172, 0.061, 0.241, 0.739, 2.12, 21.2, 0.006, 0.023, 0.031, 0.015, 0.015, 0.003, 15.85, 19.85, 108.6, 766.9, 0.132, 0.274, 0.31, 0.16, 0.269, 0.077, B
11.52, 14.93, 73.87, 406.3, 0.101, 0.078, 0.043, 0.029, 0.188, 0.062, 0.256, 1.038, 1.686, 18.62, 0.007, 0.012, 0.021, 0.01, 0.017, 0.003, 12.65, 21.19, 80.88, 491.8, 0.139, 0.158, 0.18, 0.096, 0.266, 0.078, B
13.85, 15.18, 88.99, 587.4, 0.095, 0.077, 0.045, 0.037, 0.211, 0.059, 0.248, 0.92, 1.83, 19.41, 0.004, 0.015, 0.015, 0.01, 0.015, 0.002, 14.98, 21.74, 98.37, 670.0, 0.118, 0.172, 0.146, 0.1, 0.296, 0.069, B
12.32, 12.39, 78.85, 464.1, 0.103, 0.07, 0.04, 0.037, 0.196, 0.06, 0.236, 0.666, 1.67, 17.43, 0.008, 0.012, 0.017, 0.012, 0.019, 0.002, 13.5, 15.64, 86.97, 549.1, 0.138, 0.127, 0.124, 0.094, 0.283, 0.068, B
8.196, 16.84, 51.71, 201.9, 0.086, 0.059, 0.016, 0.006, 0.177, 0.065, 0.156, 0.957, 1.094, 8.205, 0.009, 0.016, 0.016, 0.006, 0.026, 0.003, 8.964, 21.96, 57.26, 242.2, 0.13, 0.136, 0.069, 0.026, 0.31, 0.074, B
11.41, 14.92, 73.53, 402.0, 0.091, 0.082, 0.062, 0.024, 0.117, 0.062, 0.334, 1.108, 1.902, 22.77, 0.007, 0.037, 0.059, 0.017, 0.022, 0.005, 12.37, 17.7, 79.12, 467.2, 0.112, 0.161, 0.165, 0.063, 0.181, 0.074, B
11.94, 18.24, 75.71, 437.6, 0.083, 0.048, 0.02, 0.013, 0.187, 0.061, 0.227, 0.633, 1.52, 17.47, 0.007, 0.008, 0.013, 0.008, 0.02, 0.003, 13.1, 21.33, 83.67, 527.2, 0.114, 0.089, 0.092, 0.063, 0.278, 0.074, B
14.97, 19.76, 95.5, 690.2, 0.084, 0.054, 0.019, 0.019, 0.152, 0.053, 0.184, 1.065, 1.286, 16.64, 0.004, 0.008, 0.008, 0.006, 0.019, 0.002, 15.98, 25.82, 102.3, 782.1, 0.104, 0.1, 0.078, 0.058, 0.265, 0.061, B
12.89, 14.11, 84.95, 512.2, 0.088, 0.135, 0.137, 0.04, 0.16, 0.064, 0.202, 0.44, 2.393, 16.35, 0.006, 0.056, 0.082, 0.014, 0.013, 0.008, 14.39, 17.7, 105.0, 639.1, 0.125, 0.585, 0.773, 0.156, 0.264, 0.118, B
10.57, 20.22, 70.15, 338.3, 0.091, 0.166, 0.228, 0.059, 0.219, 0.084, 0.112, 1.231, 2.363, 7.228, 0.008, 0.076, 0.154, 0.029, 0.016, 0.012, 10.85, 22.82, 76.51, 351.9, 0.114, 0.362, 0.603, 0.146, 0.26, 0.12, B
13.27, 17.02, 84.55, 546.4, 0.084, 0.05, 0.036, 0.025, 0.15, 0.057, 0.293, 0.891, 2.044, 24.68, 0.006, 0.011, 0.023, 0.009, 0.015, 0.002, 15.14, 23.6, 98.84, 708.8, 0.128, 0.131, 0.179, 0.097, 0.251, 0.076, B
12.77, 21.41, 82.02, 507.4, 0.087, 0.066, 0.031, 0.029, 0.169, 0.063, 0.731, 1.748, 5.118, 53.65, 0.005, 0.018, 0.022, 0.018, 0.034, 0.006, 13.75, 23.5, 89.04, 579.5, 0.094, 0.09, 0.052, 0.048, 0.218, 0.069, B
9.029, 17.33, 58.79, 250.5, 0.107, 0.141, 0.313, 0.044, 0.211, 0.08, 0.327, 1.194, 1.885, 17.67, 0.01, 0.086, 0.304, 0.033, 0.042, 0.01, 10.31, 22.65, 65.5, 324.7, 0.148, 0.436, 1.252, 0.175, 0.423, 0.118, B
10.8, 21.98, 68.79, 359.9, 0.088, 0.057, 0.036, 0.014, 0.202, 0.06, 0.308, 1.621, 2.24, 20.2, 0.007, 0.021, 0.03, 0.01, 0.018, 0.003, 12.76, 32.04, 83.69, 489.5, 0.13, 0.17, 0.193, 0.075, 0.296, 0.077, B
14.8, 17.66, 95.88, 674.8, 0.092, 0.089, 0.041, 0.023, 0.189, 0.059, 0.22, 0.622, 1.482, 19.75, 0.005, 0.012, 0.018, 0.007, 0.023, 0.002, 16.43, 22.74, 105.9, 829.5, 0.123, 0.188, 0.206, 0.083, 0.36, 0.073, B
13.01, 22.22, 82.01, 526.4, 0.063, 0.019, 0.002, 0.002, 0.14, 0.052, 0.173, 1.142, 1.101, 14.34, 0.003, 0.002, 0.002, 0.002, 0.016, 0.001, 14.0, 29.02, 88.18, 608.8, 0.081, 0.034, 0.008, 0.009, 0.23, 0.058, B
12.47, 17.31, 80.45, 480.1, 0.089, 0.076, 0.036, 0.024, 0.153, 0.06, 0.153, 0.781, 1.253, 11.91, 0.004, 0.014, 0.013, 0.007, 0.015, 0.002, 14.06, 24.34, 92.82, 607.3, 0.128, 0.251, 0.203, 0.105, 0.304, 0.077, B
14.05, 27.15, 91.38, 600.4, 0.099, 0.113, 0.045, 0.043, 0.154, 0.062, 0.364, 1.492, 2.888, 29.84, 0.007, 0.027, 0.021, 0.016, 0.021, 0.005, 15.3, 33.17, 100.2, 706.7, 0.124, 0.226, 0.133, 0.105, 0.225, 0.083, B
13.88, 16.16, 88.37, 596.6, 0.07, 0.048, 0.02, 0.009, 0.161, 0.055, 0.254, 0.622, 1.709, 23.12, 0.004, 0.014, 0.02, 0.007, 0.016, 0.002, 15.51, 19.97, 99.66, 745.3, 0.085, 0.123, 0.109, 0.045, 0.254, 0.066, B
8.95, 15.76, 58.74, 245.2, 0.095, 0.124, 0.093, 0.023, 0.13, 0.072, 0.313, 0.979, 3.28, 16.94, 0.018, 0.068, 0.093, 0.023, 0.024, 0.006, 9.414, 17.07, 63.34, 270.0, 0.118, 0.188, 0.154, 0.038, 0.165, 0.077, B
12.78, 16.49, 81.37, 502.5, 0.098, 0.052, 0.037, 0.029, 0.159, 0.057, 0.237, 0.873, 1.471, 18.33, 0.008, 0.006, 0.016, 0.009, 0.023, 0.002, 13.46, 19.76, 85.67, 554.9, 0.13, 0.071, 0.104, 0.059, 0.238, 0.064, B
11.28, 13.39, 73.0, 384.8, 0.116, 0.114, 0.046, 0.048, 0.177, 0.061, 0.338, 1.343, 1.851, 26.33, 0.011, 0.035, 0.022, 0.02, 0.016, 0.003, 11.92, 15.77, 76.53, 434.0, 0.137, 0.182, 0.087, 0.086, 0.21, 0.068, B
9.742, 19.12, 61.93, 289.7, 0.108, 0.083, 0.009, 0.02, 0.254, 0.07, 0.696, 1.747, 4.607, 43.52, 0.013, 0.019, 0.006, 0.011, 0.031, 0.004, 11.21, 23.17, 71.79, 380.9, 0.14, 0.135, 0.021, 0.046, 0.32, 0.08, B
12.07, 13.44, 77.83, 445.2, 0.11, 0.09, 0.038, 0.028, 0.166, 0.066, 0.251, 0.504, 1.714, 18.54, 0.007, 0.012, 0.018, 0.008, 0.02, 0.002, 13.45, 15.77, 86.92, 549.9, 0.152, 0.163, 0.162, 0.074, 0.278, 0.081, B
13.56, 13.9, 88.59, 561.3, 0.105, 0.119, 0.079, 0.045, 0.196, 0.063, 0.257, 0.498, 2.011, 21.03, 0.006, 0.023, 0.025, 0.008, 0.018, 0.003, 14.98, 17.13, 101.1, 686.6, 0.138, 0.27, 0.258, 0.091, 0.306, 0.082, B
14.76, 14.74, 94.87, 668.7, 0.089, 0.078, 0.046, 0.035, 0.152, 0.059, 0.343, 0.398, 2.537, 29.06, 0.005, 0.015, 0.019, 0.011, 0.022, 0.003, 17.27, 17.93, 114.2, 880.8, 0.122, 0.201, 0.215, 0.125, 0.311, 0.082, B
10.8, 9.71, 68.77, 357.6, 0.096, 0.057, 0.025, 0.017, 0.138, 0.064, 0.173, 0.406, 1.126, 11.48, 0.008, 0.01, 0.011, 0.005, 0.013, 0.002, 11.6, 12.02, 73.66, 414.0, 0.144, 0.126, 0.105, 0.046, 0.209, 0.077, B
16.14, 14.86, 104.3, 800.0, 0.095, 0.085, 0.055, 0.045, 0.174, 0.059, 0.239, 0.637, 1.729, 21.83, 0.004, 0.012, 0.018, 0.009, 0.015, 0.002, 17.71, 19.58, 115.9, 947.9, 0.121, 0.172, 0.231, 0.113, 0.278, 0.07, B
12.18, 17.84, 77.79, 451.1, 0.104, 0.071, 0.025, 0.029, 0.19, 0.066, 0.366, 1.511, 2.41, 24.44, 0.005, 0.012, 0.011, 0.015, 0.022, 0.003, 12.83, 20.92, 82.14, 495.2, 0.114, 0.094, 0.05, 0.059, 0.223, 0.074, B
12.63, 20.76, 82.15, 480.4, 0.099, 0.121, 0.106, 0.06, 0.174, 0.071, 0.342, 1.803, 2.711, 20.48, 0.013, 0.04, 0.051, 0.023, 0.021, 0.006, 13.33, 25.47, 89.0, 527.4, 0.129, 0.225, 0.222, 0.11, 0.223, 0.085, B
12.77, 29.43, 81.35, 507.9, 0.083, 0.042, 0.02, 0.015, 0.154, 0.056, 0.241, 1.367, 1.477, 18.76, 0.009, 0.012, 0.013, 0.009, 0.019, 0.002, 13.87, 36.0, 88.1, 594.7, 0.123, 0.106, 0.087, 0.065, 0.241, 0.065, B
11.34, 21.26, 72.48, 396.5, 0.088, 0.066, 0.051, 0.019, 0.149, 0.065, 0.234, 0.986, 1.597, 16.41, 0.009, 0.016, 0.024, 0.006, 0.016, 0.002, 13.01, 29.15, 83.99, 518.1, 0.17, 0.22, 0.312, 0.083, 0.283, 0.088, B
9.876, 19.4, 63.95, 298.3, 0.1, 0.097, 0.062, 0.03, 0.194, 0.063, 0.18, 1.222, 1.528, 11.77, 0.009, 0.022, 0.03, 0.011, 0.016, 0.004, 10.76, 26.83, 72.22, 361.2, 0.156, 0.23, 0.264, 0.097, 0.262, 0.085, B
